day,animals quantity,grass quantity,dead animals quantity,avg children quantity,avg life length,avg energy,free position quantity,domain genotype
0,0,0,0,0.0,0.0,0.0,0,0
1,15,13,0,0.0,0.0,9.0,186,5
2,15,20,0,0.0,0.0,8.0,185,2
3,15,27,0,0.0,0.0,7.0,186,5
4,15,33,0,0.0,0.0,6.0,186,5
5,15,37,0,0.0,0.0,5.0,186,5
6,15,42,0,0.0,0.0,4.0,186,5
7,15,47,0,0.0,0.0,3.0,185,5
8,15,53,0,0.0,0.0,3.0,187,5
9,15,58,0,0.0,0.0,2.0,187,5
10,11,64,4,0.0,10.0,1.0,189,5
11,8,71,7,0.0,10.0,1.0,192,5
12,2,79,13,0.0,11.0,1.0,198,5
13,1,86,14,0.0,11.0,2.0,199,5
14,1,94,14,0.0,11.0,1.0,199,5
